__M_PI: &M_PI 3.14159265359
__M_PI_2: &M_PI_2 1.57079632679
__M_PI_4: &M_PI_4 0.78539816339
__M_PI_NEG: &M_PI_NEG -3.14159265359
__M_PI_2_NEG: &M_PI_2_NEG -1.57079632679
__M_PI_4_NEG: &M_PI_4_NEG -0.78539816339

chassis_size: [0.08, 0.08, 0.002]
chassis_mass: 0.03

wheel_radius: 0.01
wheel_length: 0.01
wheel_mass: 0.01

motor_radius: 0.008
motor_length: 0.02
motor_mass: 0.02

tofs_poses:
  right_side: [0.02, -0.035, *M_PI_2_NEG]
  right_diag: [0.03, 0.015, *M_PI_4_NEG]
  right_front: [0.03, -0.025, 0.0]
  left_front: [0.03, 0.025, 0.0]
  left_diag: [0.03, -0.015, *M_PI_4]
  left_side: [0.02, 0.035, *M_PI_2]
